4=df(gardenia)
1 9156
1 163588
1 98581
1 68676
26=df(gardening)
1 2610779
1 1365544
3 627
3 190450
1 19202875
1 3735620
2 7182969
1 1147329
2 4385011
2 63852
1 18934432
1 18306501
1 216189
2 19064282
1 165140
1 474943
1 5952551
1 216361
1 62784
1 11286
3 2801033
1 18017282
3 19172750
1 1074205
1 11191458
1 1064
148=df(gardens)
2 617187
2 11095343
2 15152249
1 322031
1 8852265
1 2842054
2 1564140
1 460587
1 78918
1 949026
1 10658813
1 10588771
1 18711150
1 900356
2 4092004
1 11750220
1 7030786
1 3957342
2 3318972
1 420764
1 57622
2 94148
4 20161
5 93867
3 11725185
1 12772386
6 94200
1 82420
1 384695
3 3770232
1 10073799
1 18017282
1 1684551
2 10843
1 181581
1 50469
2 703990
1 11094541
2 107644
1 233369
1 22316
12 2919170
1 10308195
1 3133129
2 75065
3 8586564
1 617207
1 2610779
2 3056876
3 6950877
2 2288001
4 310113
1 3951433
1 370064
1 10588986
1 27669
1 4339495
1 5705616
1 6835686
1 4800
1 165140
1 8175871
5 9110812
1 4827914
1 5447310
1 1475658
2 216361
1 1150237
1 7722930
1 4582964
1 5759893
1 373530
1 4542810
1 1649530
1 2582492
1 581965
1 8494
1 18279098
1 8887472
1 617197
1 8451818
1 627851
1 6520586
2 7185720
1 1083439
1 16292587
2 13884688
1 599713
1 1147329
1 10811383
1 4877703
4 92598
1 2199885
1 621923
1 10309115
1 8215253
1 1150325
1 15218648
3 1363921
1 7318993
2 8706771
1 238682
1 3485953
6 2072308
1 1897067
1 98078
1 3636288
1 2217738
3 439973
3 15174930
1 2938303
1 3919380
11 1709000
3 72595
1 1636385
3 10924014
1 363745
4 367792
1 7287298
1 14260687
1 394998
1 6854659
1 12537943
2 1990194
2 8049598
1 2579049
1 31427
1 3556206
1 17158538
2 3611941
4 19485405
12 6315586
1 617202
2 8387129
1 886298
1 9156
2 11675077
4 12384787
1 6535529
1 11492908
1 5105592
1 6803709
5 54732
1 1147196
1 2994047
1 12253863
1 2940678
1 11340620
1=df(gardenseed_northernstarartichoke)
1 1120742
1=df(gardermoen)
1 15914332
2=df(gardes)
1 348425
1 303330
1=df(gardette)
1 22594
9=df(gardiner)
1 16852443
23 15164449
1 15485016
1 2072308
1 19075182
2 1258226
1 630471
1 235657
1 15069494
1=df(gardiners)
3 581965
3=df(garding)
1 14664078
2 1807100
3 4921759
1=df(gardingen)
1 170333
1=df(gardiol)
1 187317
1=df(gardnefors)
1 1187311
60=df(gardner)
1 5715
1 663818
3 37035
1 959837
1 10931
4 12049944
1 551707
2 66012
1 1517153
1 1729542
1 19565233
1 438677
1 2480627
2 14876259
6 16292587
1 3593462
1 5054730
1 1765370
2 1765384
1 2870773
1 14818912
1 1258226
1 21523
3 49571
1 46127
1 54342
1 65897
1 163588
1 175440
1 1784713
1 11240093
1 9966
1 18934432
1 882050
1 15785885
2 2639875
3 15718086
1 333160
4 5753449
2 11675077
1 1254437
2 14914719
1 3062721
1 5075508
1 238682
1 217709
1 4115582
5 15308316
2 356382
1 981899
1 1745325
1 15788958
1 2514828
2 5626
2 10571004
1 417671
1 11482588
1 50469
1 439973
1 1284224
1=df(gardneri)
1 1069718
1=df(gardnerian)
1 3593462
1=df(gardnerlab)
1 10571004
1=df(gardoumpa)
1 4559936
1=df(gardstein)
2 5092586
1=df(gardunha)
1 4150558
1=df(gare)
1 19485405
2=df(gareau)
1 167596
2 19382268
1=df(gareeb)
2 1096019
1=df(garel)
1 2693399
1=df(garen)
1 884488
1=df(garepe)
1 2386977
1=df(gares)
1 13237088
1=df(garet)
1 736733
18=df(gareth)
1 19590493
1 1551981
21 15164449
2 6882568
1 402000
1 4839173
1 2009061
1 8066018
1 998623
2 17903747
1 14107754
2 13472059
1 42253
1 695929
1 717521
5 2212038
1 8682579
5 11223
1=df(gareth23)
1 11223
1=df(garett)
2 17430261
17=df(garey)
1 247577
2 15374087
1 43730
1 36811
1 7543
2 8047019
2 39466
1 454351
1 31248
2 3149636
2 4647220
3 287015
1 54681
1 6834
3 663047
1 2877411
1 4715
1=df(garfagnana)
1 14926
21=df(garfield)
1 2372060
1 160849
1 186071
1 3260102
4 1036865
1 22489
2 18813809
4 7246665
2 23724
1 2642722
1 2066600
1 12159919
1 199351
1 15271
1 92099
1 5579773
1 708879
1 2565404
1 64394
1 2343249
7 423362
6=df(garfinkel)
1 243928
27 2349707
2 7256298
1 13563226
2 2112546
1 23080
2=df(garfunkel)
3 3471959
2 5878905
5=df(garg)
1 5780326
1 928467
1 45303
1 16849702
1 9485191
1=df(gargagliano)
2 5619499
1=df(gargalianoi)
1 840278
1=df(gargamelle)
1 37351
2=df(garganelli)
1 3735620
2 14926
2=df(gargano)
2 3277
1 1624954
1=df(gargante)
1 16823924
3=df(gargantuan)
1 47630
1 588554
1 140635
1=df(gargery)
1 1322557
1=df(gargit)
3 12234690
1=df(gargiulo)
1 15075852
1=df(gargles)
1 197002
1=df(gargling)
1 2993517
2=df(gargoyle)
2 851904
1 4877703
2=df(gargoylebot)
1 13357851
1 12304643
2=df(gargoyles)
1 1480524
1 923299
3=df(gargrave)
1 3951505
2 4141841
1 3947593
1=df(garhwali)
1 1196129
1=df(gari)
1 24872
1=df(gariaev)
8 8847792
1=df(gariaev06)
1 8847792
1=df(gariaeva)
1 8847792
1=df(gariazzo)
1 1110837
11=df(garibaldi)
3 2141109
1 18063544
1 2805620
1 886769
9 4800
1 2639875
1 722973
1 17275810
2 1946321
1 6751843
5 47088
1=df(garibotto)
1 61162
1=df(garie)
1 2250431
1=df(garigliano)
1 1086393
1=df(garik)
1 6186755
1=df(garilli)
1 17275810
2=df(garin)
1 14799471
2 16751596